1000
42 73 40
0 32 79
44 71 96
77 31 9
79 87 63
59 19 85
37 24 17
97 7 12
79 37 2
60 24 94
82 98 10
4 80 61
12 9 17
20 46 39
53 3 4
13 64 55
54 84 77
53 92 12
27 81 7
37 62 67
30 5 55
63 4 15
31 3 8
90 24 63
12 8 16
61 34 14
41 87 80
13 21 19
97 81 53
65 77 76
1 45 6
67 77 35
44 5 97
89 74 71
74 98 45
100 89 96
97 37 34
67 43 20
99 97 98
63 39 40
88 17 98
23 66 83
18 89 10
48 48 69
67 89 59
4 99 34
46 38 10
60 98 27
41 31 52
17 8 18
54 12 86
51 34 61
12 24 3
18 22 25
69 11 77
66 26 38
96 44 13
68 94 26
72 96 80
54 70 59
1 74 53
38 13 28
68 82 88
59 89 41
79 29 41
15 29 66
34 38 11
67 14 93
17 69 21
18 75 3
0 71 40
1 7 59
95 59 36
50 65 61
13 47 81
84 26 67
37 77 96
89 41 20
21 60 67
39 12 84
36 32 85
83 53 23
59 96 91
66 89 30
81 64 71
3 40 45
99 99 99
77 97 48
54 7 5
4 11 83
18 95 60
81 38 96
65 83 43
42 93 63
55 83 24
68 85 59
3 83 27
100 97 2
73 5 80
71 35 27
1 94 5
35 35 60
58 16 65
25 85 66
59 82 94
75 18 61
95 24 55
38 92 85
88 56 9
99 26 64
10 86 69
93 40 71
99 70 86
30 64 33
36 64 15
57 59 38
12 59 63
95 11 94
72 45 65
20 46 63
4 57 29
13 55 55
17 53 33
47 12 95
31 80 31
97 18 34
94 53 82
83 81 21
100 55 38
36 61 83
61 71 58
34 92 25
17 79 13
57 87 8
55 99 81
0 89 69
94 29 61
100 37 76
28 44 77
50 27 13
66 69 9
32 68 96
70 67 75
53 66 72
93 21 57
59 30 79
60 86 100
16 12 2
61 65 100
16 53 10
48 62 3
53 70 66
98 22 42
55 94 47
10 34 82
0 68 90
75 69 6
44 7 12
97 40 88
62 17 79
0 42 24
23 79 47
41 32 82
81 64 70
87 37 36
74 83 52
4 90 64
41 54 55
96 95 29
77 28 9
86 92 88
39 62 19
34 44 71
42 58 87
79 7 62
56 82 23
24 57 38
10 72 100
8 64 34
30 60 84
84 1 80
75 76 37
27 61 19
54 83 44
34 72 75
52 79 8
13 46 10
24 64 84
10 38 38
8 78 93
19 8 1
15 72 4
71 87 7
70 88 73
89 42 1
90 22 23
17 63 22
5 19 45
83 83 38
97 44 64
69 44 38
8 90 85
100 91 95
77 75 10
34 29 29
52 72 19
97 58 73
75 53 41
93 5 46
30 17 52
41 48 10
12 39 71
70 15 34
72 53 57
25 43 87
35 68 35
90 70 34
50 20 90
1 52 5
71 8 8
98 41 60
56 83 72
69 96 3
99 58 92
97 10 91
67 3 26
53 6 61
67 58 20
97 82 93
84 90 42
33 29 79
61 87 41
13 17 1
37 56 98
67 95 83
90 69 60
77 83 32
90 47 68
1 42 57
98 69 74
97 24 78
53 77 48
25 69 7
50 66 61
98 85 38
24 26 19
52 36 12
59 30 95
36 69 53
31 32 20
50 45 96
46 71 15
50 22 86
87 20 40
17 24 45
65 77 89
47 92 81
78 56 13
2 93 86
33 56 65
82 47 46
100 61 33
90 72 20
95 85 18
21 26 87
84 90 1
30 9 85
55 80 45
47 88 38
33 6 28
84 38 75
100 6 31
57 98 14
3 66 73
72 15 93
55 82 21
15 74 4
33 70 76
16 5 23
45 24 7
7 62 58
60 57 42
54 86 32
5 66 37
22 64 65
89 80 48
91 96 80
31 11 98
23 60 91
63 97 5
21 84 62
6 36 66
75 12 4
59 75 32
66 25 14
36 54 38
34 78 66
16 97 9
52 27 3
79 74 13
100 98 41
58 99 46
55 68 37
47 85 3
89 48 41
18 66 28
2 98 62
32 77 66
73 7 6
44 52 32
29 16 45
74 9 58
30 74 67
64 25 83
41 98 74
88 55 34
25 65 34
2 20 12
67 83 21
47 66 68
0 55 55
76 47 70
57 28 81
90 14 81
54 13 86
59 8 29
95 53 33
13 35 36
51 16 84
61 89 91
83 25 47
28 81 52
13 62 69
93 92 92
29 23 13
53 28 74
44 62 13
50 95 41
16 39 79
1 22 6
86 67 92
57 76 73
34 44 91
86 25 64
83 89 31
26 54 1
23 68 11
76 10 62
22 45 39
12 33 57
13 82 4
90 69 64
67 56 15
5 47 9
21 57 20
30 41 28
68 45 5
28 62 38
8 44 91
60 29 94
52 56 84
4 86 31
63 53 74
78 23 25
75 40 70
18 61 15
82 65 54
43 24 79
15 12 1
75 23 60
39 94 64
67 60 99
51 26 61
80 60 28
82 55 91
73 66 59
68 55 29
72 69 8
74 86 76
34 92 69
28 88 81
24 24 77
10 33 56
15 28 37
85 85 34
5 74 9
72 68 30
78 92 39
20 18 1
6 54 76
41 35 64
44 68 69
82 97 70
76 78 55
89 80 24
98 55 70
48 100 7
1 81 66
95 22 15
75 46 17
97 88 98
36 60 91
19 38 41
13 78 5
5 4 81
14 58 26
69 77 100
64 96 55
7 84 93
0 15 62
75 36 52
95 21 59
0 33 60
100 63 3
14 30 25
33 39 73
62 17 11
18 69 54
98 23 27
38 27 52
19 15 33
20 71 63
38 15 17
66 43 12
66 75 25
4 92 13
91 63 85
82 24 95
11 32 65
94 41 86
95 85 81
67 53 15
64 38 29
89 84 47
19 25 7
3 96 47
40 29 19
87 21 91
90 77 46
91 65 22
82 89 7
28 96 15
16 66 92
80 53 38
43 54 4
24 100 35
75 96 31
96 10 58
60 34 72
10 33 33
60 4 61
97 10 17
28 43 83
52 71 98
94 20 21
33 84 61
49 42 78
32 43 54
81 69 83
19 77 72
8 100 13
56 6 32
100 54 94
87 63 16
15 48 19
38 86 11
11 92 53
57 92 78
8 88 1
29 75 87
1 97 39
9 67 98
4 64 60
63 42 23
100 66 13
71 52 15
6 12 13
98 29 77
87 40 57
75 37 68
36 22 35
1 73 59
88 98 52
100 60 84
43 89 76
53 76 77
41 58 27
17 31 57
79 91 11
88 5 55
32 27 27
77 21 90
93 28 75
75 30 25
20 73 91
52 20 71
17 42 4
12 100 82
99 77 4
8 31 78
92 10 71
62 44 84
6 53 79
76 85 40
100 28 10
20 73 83
12 72 15
44 19 7
24 60 67
52 37 89
93 94 28
25 12 74
56 1 93
62 48 83
36 41 40
3 8 88
99 62 71
85 71 33
49 60 88
45 39 23
11 72 92
49 37 81
38 55 3
96 55 72
38 18 74
55 65 61
42 13 34
43 19 26
87 22 56
27 56 28
30 25 5
15 81 30
43 72 63
19 32 19
91 35 47
84 63 8
100 89 76
13 98 74
57 53 73
74 35 78
36 98 27
16 81 80
47 1 94
59 31 96
47 39 84
48 16 37
95 88 7
63 38 11
37 2 41
85 12 5
14 81 78
8 87 8
100 76 79
21 1 14
67 43 16
1 13 64
42 35 78
74 32 14
47 68 48
49 86 5
7 33 36
26 57 61
100 84 72
23 24 41
75 28 25
55 48 15
98 85 64
46 69 58
6 74 32
92 67 54
91 5 25
0 53 42
28 74 83
17 17 24
96 33 27
38 100 15
2 94 46
73 94 6
42 8 52
10 22 55
87 37 94
59 98 12
19 71 93
14 63 94
70 70 72
67 12 75
34 74 94
88 27 3
2 86 38
11 73 54
34 21 80
2 72 59
0 57 27
31 11 66
0 27 62
47 27 8
7 34 65
42 67 14
78 84 95
69 25 52
66 19 66
100 6 94
82 32 14
41 67 73
50 36 93
18 82 44
94 24 53
65 18 82
55 82 52
62 46 8
75 93 5
34 54 33
26 91 40
93 8 68
62 46 1
16 54 82
66 96 69
56 61 7
43 48 99
12 72 83
39 5 87
38 10 22
45 12 15
60 81 24
9 70 2
49 97 30
48 55 54
14 33 90
100 27 67
100 84 31
52 90 42
80 70 89
57 66 7
91 9 77
96 100 18
21 81 30
40 29 7
32 15 55
2 1 3
61 9 64
21 6 39
30 15 68
17 52 13
84 79 64
81 30 41
39 5 38
4 45 66
61 95 87
16 58 42
85 7 21
11 60 98
2 77 57
38 4 1
27 6 1
47 27 41
14 19 22
37 13 100
85 73 67
45 58 33
10 55 27
47 53 21
6 90 18
0 92 67
93 62 100
42 62 90
68 6 13
86 89 75
3 53 40
79 48 79
85 93 63
99 95 91
100 31 11
23 35 44
89 99 82
67 23 25
95 61 13
65 34 26
65 70 12
61 18 70
66 15 25
51 61 95
83 56 97
57 71 100
14 10 10
49 2 81
36 4 21
98 28 93
20 28 98
44 26 6
57 26 71
82 20 52
100 39 9
54 93 10
29 94 95
27 39 58
95 92 84
1 87 21
65 91 93
40 5 31
86 15 32
60 87 90
47 71 80
82 42 37
30 57 67
12 55 55
69 82 83
57 58 89
23 34 79
31 40 41
40 87 59
1 12 64
93 61 47
7 29 92
90 98 72
56 84 29
32 96 39
53 86 23
44 27 57
68 63 40
54 73 68
79 67 41
80 33 25
16 86 48
21 89 97
84 71 12
79 20 6
86 41 9
31 47 82
46 13 25
91 54 60
67 45 84
55 71 46
38 3 52
28 9 52
26 2 42
97 87 65
90 16 86
76 5 76
34 98 65
97 40 45
93 91 57
60 100 78
59 72 79
95 62 96
43 81 99
83 12 56
22 42 25
55 32 37
30 86 56
42 33 100
39 62 100
19 77 96
86 75 33
7 29 86
82 2 69
85 84 21
34 66 96
67 68 52
93 85 66
16 58 27
59 83 100
16 86 46
66 92 12
58 86 97
23 89 93
0 34 29
25 93 2
16 93 89
56 43 8
85 68 41
31 10 68
82 45 77
70 29 55
6 54 76
81 38 43
31 9 89
98 83 39
53 48 15
11 5 82
73 60 73
79 40 83
94 62 11
52 33 14
13 68 39
61 38 36
72 21 28
35 8 16
50 58 100
13 45 52
55 37 9
92 80 87
82 86 16
60 38 13
22 41 17
83 27 46
73 35 23
29 11 42
80 66 44
46 83 61
45 4 63
41 26 27
94 13 95
77 46 25
17 46 54
21 66 14
41 62 75
77 41 62
46 100 80
34 99 40
93 37 34
66 30 100
52 29 5
35 55 45
81 3 94
90 63 36
37 43 86
87 63 13
99 92 60
7 83 47
42 25 39
50 22 39
63 90 6
58 58 81
64 81 11
75 56 53
26 7 46
43 86 20
71 59 9
23 7 3
38 4 40
14 59 83
78 31 43
8 92 17
18 28 91
28 2 36
57 61 15
94 75 65
63 75 34
32 67 10
87 70 20
6 56 93
82 56 91
43 97 35
93 26 48
100 1 1
97 70 4
17 37 79
67 94 53
64 88 26
33 36 11
33 60 68
2 76 15
68 76 65
1 54 73
100 23 20
32 60 75
0 65 91
84 79 77
62 24 38
65 48 46
11 69 57
53 22 1
12 3 26
64 85 30
73 9 85
31 20 6
44 95 98
82 28 71
55 84 13
28 14 70
51 37 95
19 23 85
55 12 25
25 55 35
85 86 56
67 5 11
8 58 1
19 7 99
61 29 41
29 90 66
99 8 69
33 24 78
12 71 89
62 87 92
13 15 91
4 78 15
61 88 67
31 37 19
98 31 67
91 74 34
41 85 26
61 53 3
68 23 92
25 25 97
19 78 93
16 88 96
16 79 40
0 20 25
6 26 84
43 41 16
52 44 12
6 23 99
76 70 22
86 23 47
55 93 15
97 44 60
20 2 14
53 85 73
75 83 75
42 91 58
52 22 97
15 81 62
38 42 11
54 6 54
88 98 54
77 75 53
33 35 34
31 30 58
66 22 24
22 88 73
17 78 67
64 82 82
84 18 41
71 75 75
79 12 10
51 65 58
95 20 58
92 55 47
38 73 58
81 45 30
48 38 28
22 28 37
77 18 99
82 77 39
17 2 33
73 91 41
83 77 98
85 2 99
66 17 16
23 7 39
22 4 96
75 33 74
52 68 7
27 23 13
79 26 26
54 36 40
7 52 70
35 16 42
16 81 32
91 48 60
54 28 31
8 47 90
100 87 47
18 57 73
39 81 80
98 42 24
24 29 11
35 9 73
5 92 68
40 58 61
8 34 45
35 45 55
54 98 4
46 18 82
49 47 74
4 84 60
9 3 8
84 5 4
33 58 9
40 9 35
99 60 89
7 13 96
58 27 76
23 76 96
21 94 36
87 81 48
14 36 81
48 69 67
66 20 11
13 15 75
16 11 38
93 81 97
47 52 75
25 24 95
51 46 69
28 100 1
13 64 42
73 43 35
95 52 21
87 66 72
2 67 55
58 20 22
2 48 25
86 7 52
91 24 30
69 26 21
61 58 61
74 76 22
50 82 26
41 5 75
